0.054415842243104009955009405202999355036
0.3128715909142999706591623755057177219497
0.6756307362972898068078007670471831499869
0.5853546836542067127712655200450981944303
-0.01582910525634930566738054787646630415774
-0.2840155429615469265162031323741647324684
0.0004724845739132827703605900098258949861948
0.1287474266204784588570292875097083843023
-0.01736930100180754616961614886809598311413
-0.04408825393079475150676372323896350189752
0.0139810279173982816487229305726334514424
0.008746094047405776716382743246475640180402
-0.004870352993451574310422181557109824016635
-0.0003917403733769470462980803573237762675229
0.000675449406450569366369547573879299121849
-0.0001174767841247695337306282316988909444087